0 2147482647 2147482647 2147482647 2147482647 2147482647 2147482647 2147482647 2147482647 2147482647 2147482647 2147482647 2147482647 2147482647 2147482647 2147482647 2147482647 2147482647 2147482647 2147482647 2147482647 2147482647 2147482647 2147482647 
2147482647 0 2147482647 2147482647 2147482647 2147482647 2147482647 2147482647 2147482647 2147482647 2147482647 2147482647 2147482647 2147482647 2147482647 2147482647 2147482647 2147482647 2147482647 2147482647 2147482647 2147482647 2147482647 2147482647 
2147482647 2147482647 0 2147482647 2147482647 2147482647 2147482647 2147482647 2147482647 2147482647 2147482647 2147482647 2147482647 2147482647 2147482647 2147482647 2147482647 2147482647 2147482647 2147482647 2147482647 2147482647 2147482647 2147482647 
2147482647 2147482647 2147482647 0 2147482647 2147482647 2147482647 2147482647 2147482647 2147482647 2147482647 2147482647 2147482647 2147482647 2147482647 2147482647 2147482647 2147482647 2147482647 2147482647 2147482647 2147482647 2147482647 2147482647 
2147482647 2147482647 2147482647 2147482647 0 2147482647 2147482647 2147482647 2147482647 2147482647 2147482647 2147482647 2147482647 2147482647 2147482647 2147482647 2147482647 2147482647 2147482647 2147482647 2147482647 2147482647 2147482647 2147482647 
2147482647 2147482647 2147482647 2147482647 2147482647 0 2147482647 2147482647 2147482647 2147482647 2147482647 2147482647 2147482647 2147482647 2147482647 2147482647 2147482647 2147482647 2147482647 2147482647 2147482647 2147482647 2147482647 2147482647 
2147482647 2147482647 2147482647 2147482647 2147482647 2147482647 0 2147482647 2147482647 2147482647 2147482647 2147482647 2147482647 2147482647 2147482647 2147482647 2147482647 2147482647 2147482647 2147482647 2147482647 2147482647 2147482647 2147482647 
2147482647 2147482647 2147482647 2147482647 2147482647 2147482647 2147482647 0 2147482647 2147482647 2147482647 2147482647 2147482647 2147482647 2147482647 2147482647 2147482647 2147482647 2147482647 2147482647 2147482647 2147482647 2147482647 2147482647 
2147482647 2147482647 2147482647 2147482647 2147482647 2147482647 2147482647 2147482647 0 2147482647 2147482647 2147482647 2147482647 2147482647 2147482647 2147482647 2147482647 2147482647 2147482647 2147482647 2147482647 2147482647 2147482647 2147482647 
2147482647 2147482647 2147482647 2147482647 2147482647 2147482647 2147482647 2147482647 2147482647 0 2147482647 2147482647 2147482647 2147482647 2147482647 2147482647 2147482647 2147482647 2147482647 2147482647 2147482647 2147482647 2147482647 2147482647 
2147482647 2147482647 2147482647 2147482647 2147482647 2147482647 2147482647 2147482647 2147482647 2147482647 0 2147482647 2147482647 2147482647 2147482647 2147482647 2147482647 2147482647 2147482647 2147482647 2147482647 2147482647 2147482647 2147482647 
2147482647 2147482647 2147482647 2147482647 2147482647 2147482647 2147482647 2147482647 2147482647 2147482647 2147482647 0 2147482647 2147482647 2147482647 2147482647 2147482647 2147482647 2147482647 2147482647 2147482647 2147482647 2147482647 2147482647 
2147482647 2147482647 2147482647 2147482647 2147482647 2147482647 2147482647 2147482647 2147482647 2147482647 2147482647 2147482647 0 2147482647 2147482647 2147482647 2147482647 2147482647 2147482647 2147482647 2147482647 2147482647 2147482647 2147482647 
2147482647 2147482647 2147482647 2147482647 2147482647 2147482647 2147482647 2147482647 2147482647 2147482647 2147482647 2147482647 2147482647 0 2147482647 2147482647 2147482647 2147482647 2147482647 2147482647 2147482647 2147482647 2147482647 2147482647 
2147482647 2147482647 2147482647 2147482647 2147482647 2147482647 2147482647 2147482647 2147482647 2147482647 2147482647 2147482647 2147482647 2147482647 0 2147482647 2147482647 2147482647 2147482647 2147482647 2147482647 2147482647 2147482647 2147482647 
2147482647 2147482647 2147482647 2147482647 2147482647 2147482647 2147482647 2147482647 2147482647 2147482647 2147482647 2147482647 2147482647 2147482647 2147482647 0 2147482647 2147482647 2147482647 2147482647 2147482647 2147482647 2147482647 2147482647 
2147482647 2147482647 2147482647 2147482647 2147482647 2147482647 2147482647 2147482647 2147482647 2147482647 2147482647 2147482647 2147482647 2147482647 2147482647 2147482647 0 2147482647 2147482647 2147482647 2147482647 2147482647 2147482647 2147482647 
2147482647 2147482647 2147482647 2147482647 2147482647 2147482647 2147482647 2147482647 2147482647 2147482647 2147482647 2147482647 2147482647 2147482647 2147482647 2147482647 2147482647 0 2147482647 2147482647 2147482647 2147482647 2147482647 2147482647 
2147482647 2147482647 2147482647 2147482647 2147482647 2147482647 2147482647 2147482647 2147482647 2147482647 2147482647 2147482647 2147482647 2147482647 2147482647 2147482647 2147482647 2147482647 0 2147482647 2147482647 2147482647 2147482647 2147482647 
2147482647 2147482647 2147482647 2147482647 2147482647 2147482647 2147482647 2147482647 2147482647 2147482647 2147482647 2147482647 2147482647 2147482647 2147482647 2147482647 2147482647 2147482647 2147482647 0 2147482647 2147482647 2147482647 2147482647 
2147482647 2147482647 2147482647 2147482647 2147482647 2147482647 2147482647 2147482647 2147482647 2147482647 2147482647 2147482647 2147482647 2147482647 2147482647 2147482647 2147482647 2147482647 2147482647 2147482647 0 2147482647 2147482647 2147482647 
2147482647 2147482647 2147482647 2147482647 2147482647 2147482647 2147482647 2147482647 2147482647 2147482647 2147482647 2147482647 2147482647 2147482647 2147482647 2147482647 2147482647 2147482647 2147482647 2147482647 2147482647 0 2147482647 2147482647 
2147482647 2147482647 2147482647 2147482647 2147482647 2147482647 2147482647 2147482647 2147482647 2147482647 2147482647 2147482647 2147482647 2147482647 2147482647 2147482647 2147482647 2147482647 2147482647 2147482647 2147482647 2147482647 0 2147482647 
2147482647 2147482647 2147482647 2147482647 2147482647 2147482647 2147482647 2147482647 2147482647 2147482647 2147482647 2147482647 2147482647 2147482647 2147482647 2147482647 2147482647 2147482647 2147482647 2147482647 2147482647 2147482647 2147482647 0 
