0 5 9 0 7 3 6 1 0 9 10 0 0 0 5 5 0
5 0 3 0 10 8 1 0 1 4 0 10 0 10 0 0 9
9 3 0 6 0 1 0 8 1 1 6 10 5 9 1 9 7
0 0 6 0 2 7 2 4 0 5 0 3 9 1 3 3 0
7 10 0 2 0 4 0 2 2 5 3 7 0 0 0 9 0
3 8 1 7 4 0 3 0 0 1 0 0 0 9 0 8 0
6 1 0 2 0 3 0 5 0 4 4 0 0 0 5 1 9
1 0 8 4 2 0 5 0 3 6 6 0 7 1 5 0 0
0 1 1 0 2 0 0 3 0 1 6 6 0 7 4 2 7
9 4 1 5 5 1 4 6 1 0 0 4 7 8 2 6 7
10 0 6 0 3 0 4 6 6 0 0 0 7 0 0 4 3
0 10 10 3 7 0 0 0 6 4 0 0 10 0 8 0 6
0 0 5 9 0 0 0 7 0 7 7 10 0 3 0 0 0
0 10 9 1 0 9 0 1 7 8 0 0 3 0 0 7 8
5 0 1 3 0 0 5 5 4 2 0 8 0 0 0 9 10
5 0 9 3 9 8 1 0 2 6 4 0 0 7 9 0 10
0 9 7 0 0 0 9 0 7 7 3 6 0 8 10 10 0
