0 10 0 3 0 7 0 0 4 0 0 0 0 10 0 0 1 0 9
10 0 0 2 9 0 0 0 0 8 10 6 0 0 0 0 7 0 0
0 0 0 6 5 4 0 5 0 5 0 1 7 5 2 8 0 7 0
3 2 6 0 0 0 0 2 7 2 0 0 2 0 0 3 0 0 10
0 9 5 0 0 0 0 6 0 0 0 3 0 0 2 0 4 0 7
7 0 4 0 0 0 6 10 3 3 0 1 3 2 0 3 0 1 1
0 0 0 0 0 6 0 0 3 3 2 10 0 0 6 5 0 0 0
0 0 5 2 6 10 0 0 0 5 0 10 0 0 9 0 0 0 0
4 0 0 7 0 3 3 0 0 8 7 6 1 5 7 0 6 0 5
0 8 5 2 0 3 3 5 8 0 0 5 0 0 2 0 5 4 1
0 10 0 0 0 0 2 0 7 0 0 10 8 9 9 7 2 0 4
0 6 1 0 3 1 10 10 6 5 10 0 0 1 6 0 4 6 0
0 0 7 2 0 3 0 0 1 0 8 0 0 8 9 0 5 0 0
10 0 5 0 0 2 0 0 5 0 9 1 8 0 2 6 0 7 0
0 0 2 0 2 0 6 9 7 2 9 6 9 2 0 0 0 1 0
0 0 8 3 0 3 5 0 0 0 7 0 0 6 0 0 7 0 0
1 7 0 0 4 0 0 0 6 5 2 4 5 0 0 7 0 4 10
0 0 7 0 0 1 0 0 0 4 0 6 0 7 1 0 4 0 0
9 0 0 10 7 1 0 0 5 1 4 0 0 0 0 0 10 0 0
