0 6 0 0 0 8 2 7 0 10 10 5 0 4 0 0 6 0 0 7
6 0 5 0 0 8 0 3 0 0 0 2 8 8 0 0 0 2 3 1
0 5 0 0 0 4 0 0 0 8 6 0 1 0 3 5 2 5 0 0
0 0 0 0 3 1 9 8 0 0 0 0 0 0 2 3 10 0 9 9
0 0 0 3 0 0 9 8 0 0 2 0 4 2 0 10 1 7 2 7
8 8 4 1 0 0 6 4 0 0 7 7 0 4 0 7 10 5 1 0
2 0 0 9 9 6 0 0 3 1 10 3 6 0 0 9 4 0 10 0
7 3 0 8 8 4 0 0 9 0 1 7 0 0 6 0 10 0 0 9
0 0 0 0 0 0 3 9 0 4 9 8 0 0 0 1 0 1 7 9
10 0 8 0 0 0 1 0 4 0 0 0 5 7 8 0 7 4 0 10
10 0 6 0 2 7 10 1 9 0 0 0 3 0 7 3 3 0 6 8
5 2 0 0 0 7 3 7 8 0 0 0 0 0 1 10 1 0 0 0
0 8 1 0 4 0 6 0 0 5 3 0 0 7 0 0 0 0 0 2
4 8 0 0 2 4 0 0 0 7 0 0 7 0 1 0 1 1 5 3
0 0 3 2 0 0 0 6 0 8 7 1 0 1 0 5 1 4 2 0
0 0 5 3 10 7 9 0 1 0 3 10 0 0 5 0 8 8 6 1
6 0 2 10 1 10 4 10 0 7 3 1 0 1 1 8 0 5 6 4
0 2 5 0 7 5 0 0 1 4 0 0 0 1 4 8 5 0 0 4
0 3 0 9 2 1 10 0 7 0 6 0 0 5 2 6 6 0 0 5
7 1 0 9 7 0 0 9 9 10 8 0 2 3 0 1 4 4 5 0
