0 0 0 0 3 4 3 10 0 8 10 0 1 0 10 8 6 0 6 4 6
0 0 0 5 5 8 0 0 0 10 7 0 1 0 7 5 0 10 0 2 0
0 0 0 6 0 4 7 6 0 5 7 0 9 0 6 0 9 8 8 0 0
0 5 6 0 0 0 8 8 8 4 0 8 2 8 10 5 10 5 5 7 2
3 5 0 0 0 2 0 5 10 6 6 8 8 0 0 0 0 0 5 6 8
4 8 4 0 2 0 9 0 3 2 1 5 2 1 6 8 0 10 0 4 7
3 0 7 8 0 9 0 0 0 4 0 0 0 7 4 10 2 0 6 7 0
10 0 6 8 5 0 0 0 7 0 10 0 6 0 7 1 0 0 1 9 0
0 0 0 8 10 3 0 7 0 0 0 5 7 9 9 2 0 0 0 0 0
8 10 5 4 6 2 4 0 0 0 5 8 0 5 3 3 10 0 0 7 0
10 7 7 0 6 1 0 10 0 5 0 0 3 0 10 8 7 0 2 0 5
0 0 0 8 8 5 0 0 5 8 0 0 0 7 3 0 0 6 6 0 0
1 1 9 2 8 2 0 6 7 0 3 0 0 6 0 9 6 1 7 5 9
0 0 0 8 0 1 7 0 9 5 0 7 6 0 6 0 8 5 0 7 0
10 7 6 10 0 6 4 7 9 3 10 3 0 6 0 8 0 0 1 10 7
8 5 0 5 0 8 10 1 2 3 8 0 9 0 8 0 5 10 0 4 4
6 0 9 10 0 0 2 0 0 10 7 0 6 8 0 5 0 1 5 0 3
0 10 8 5 0 10 0 0 0 0 0 6 1 5 0 10 1 0 2 10 8
6 0 8 5 5 0 6 1 0 0 2 6 7 0 1 0 5 2 0 9 0
4 2 0 7 6 4 7 9 0 7 0 0 5 7 10 4 0 10 9 0 0
6 0 0 2 8 7 0 0 0 0 5 0 9 0 7 4 3 8 0 0 0
